28 39 82 34 9 2 3 19 80 34 129 32 88 45 21 93
84 2 98 8 42 35 94 8 20 36 65 83 76 5 48 70 64
95 83 5 70 3 47 92 8 72 30 4 99 158 7 2 4 39
10 5 8 21 7 3 4 98 57 204 39 82 5 7 29 43
7 40 92 43 8 75 10 9 48 76 45 6 7 47
97 65 213 197 46 93 48 57 35 30 97
13 47 43 58 72 43 60 59 84 63 58 60 7 9
15 8 7 20 49 60 3 92 84 29 38 74
80 48 10 28 91 80 23 98 120 34 64 76 53 84
39 82 34 9 26 3 119 80 134 12 93 32 88 45 21 91
98 8 42 35 94 8 20 36 65 83 76 5 48 70 64
6 9 95 83 5 70 3 47  8 72 30 4 99 158 7 2 4 10
72 94 5 8 21 7 3 4 98 57 204 39 82 5 7 29 41
17 14 60 92 43 8 75 10 9 48 76 45 6 7 47 20
119 11 61 5 13 219 43 64 93 48 57 35 30 97 8
47 14 131 47 48 13 15 58 172 43 60 59 84 63 58 60 7 9
115 38 27 120 64 91 160 63 192 84 29 38 74
18 30 34 88 10 28 91 23 198 11 20 34 64 76 53 81 92
